834
644 772
378 292
375 113
262 15
121 115
577 546
645 213
158 48
100 649
547 688
597 675
717 684
564 13
144 340
2 53
442 404
766 706
528 461
384 244
826 640
66 372
134 124
157 189
516 811
517 353
651 587
632 365
51 314
363 263
677 132
822 519
555 315
362 302
77 257
494 604
819 554
693 149
490 410
65 11
170 305
545 295
66 198
78 190
132 59
171 259
775 781
478 591
485 161
221 776
309 355
266 696
61 486
400 573
59 258
514 323
479 551
238 496
568 623
18 335
252 642
500 419
698 440
594 667
234 628
279 155
566 205
4 558
13 26
57 553
18 67
314 655
344 95
24 17
410 503
697 114
65 562
202 57
346 112
468 223
109 15
540 750
232 74
417 820
600 11
316 783
453 285
451 127
239 205
256 272
262 593
68 227
719 256
55 211
182 44
377 322
436 80
672 699
525 749
263 244
329 339
146 597
18 6
180 352
327 280
336 164
408 787
27 312
18 23
159 247
586 448
178 266
42 81
133 213
13 8
31 3
477 726
135 507
178 25
430 401
245 293
384 761
153 26
337 634
417 769
470 115
245 320
294 276
793 125
351 107
535 4
190 193
63 41
3 39
712 6
569 714
127 106
4 347
338 226
4 5
87 6
570 13
345 509
762 296
505 611
744 192
80 39
68 668
527 399
704 539
112 13
13 180
133 70
640 560
167 103
20 22
1 101
245 39
448 384
463 492
734 601
192 349
484 614
391 47
166 69
336 511
795 574
759 731
68 11
208 300
707 122
757 596
814 214
520 456
503 506
160 91
283 664
709 525
529 63
488 809
689 369
802 408
396 151
223 108
625 331
833 761
19 37
31 324
616 796
111 164
733 682
396 405
163 739
127 360
71 399
31 602
79 75
525 433
736 379
338 728
14 710
560 187
440 314
412 140
561 773
146 230
90 98
502 272
369 404
12 106
42 333
287 45
56 309
606 448
37 140
378 539
594 91
78 89
681 468
79 383
146 68
237 195
178 241
754 31
815 332
610 141
458 115
254 753
165 406
212 317
153 332
121 205
271 200
732 284
247 376
18 471
55 83
325 161
203 119
403 34
556 426
291 462
277 465
303 239
169 183
25 4
498 219
561 560
185 26
22 34
810 126
54 35
824 135
8 59
817 541
54 224
224 669
252 326
242 348
90 149
291 536
767 635
58 367
278 145
119 98
242 429
512 658
494 159
729 597
576 301
209 146
584 439
282 146
65 94
55 14
29 168
82 798
724 404
145 222
93 13
743 225
43 425
775 639
368 237
341 162
188 706
285 460
103 774
91 116
218 168
457 284
86 13
22 394
65 316
113 60
281 548
159 12
322 6
415 143
224 546
716 758
692 477
131 110
157 147
413 763
672 659
46 48
190 478
182 350
98 302
108 126
665 303
269 157
708 478
135 208
235 250
755 726
574 205
443 207
260 14
473 22
293 381
637 694
304 256
92 108
274 102
647 176
1 624
217 469
118 354
495 41
34 41
64 19
283 134
666 196
39 421
60 296
103 72
711 510
390 493
590 443
144 201
99 217
402 372
110 44
621 602
380 94
97 228
163 620
35 23
427 61
622 388
460 804
50 703
205 216
150 601
251 69
428 202
519 12
208 540
369 49
77 135
196 779
26 104
45 297
84 64
193 512
161 454
452 823
388 538
171 437
786 178
179 93
582 371
254 277
528 662
323 37
7 136
741 723
367 603
481 737
117 145
827 761
344 745
3 280
144 15
407 264
516 73
337 213
526 321
406 452
29 234
187 475
196 725
104 139
292 389
382 231
167 531
63 650
702 106
217 329
344 631
720 20
210 608
256 298
534 39
113 830
176 417
16 30
716 150
446 210
785 425
27 4
397 484
411 618
45 365
12 7
6 130
466 818
480 215
190 220
171 154
146 482
380 513
422 241
565 141
691 622
11 9
390 286
299 160
107 30
421 433
479 191
400 180
530 407
215 100
574 768
252 86
207 64
294 670
159 491
47 5
431 127
134 151
128 256
7 4
398 177
155 42
221 143
367 563
210 466
20 36
643 290
113 505
735 495
380 463
105 74
180 330
301 296
69 66
21 52
98 206
180 285
77 175
8 413
472 765
438 67
27 200
20 270
85 11
430 777
143 28
765 799
419 521
168 680
169 147
275 41
119 236
659 678
281 730
65 129
784 415
381 615
531 571
812 706
476 318
3 2
147 78
423 135
398 424
77 124
361 161
759 831
144 255
39 40
152 581
131 657
417 613
501 347
660 352
789 726
242 154
358 274
583 687
8 10
408 583
487 111
756 593
674 686
385 259
525 627
644 248
335 441
192 550
208 472
526 800
138 607
53 76
330 533
170 366
553 676
588 340
95 32
162 780
289 93
58 219
290 253
832 608
445 282
2 20
52 204
548 770
249 319
313 373
505 524
111 7
44 50
226 214
397 314
181 13
53 288
161 104
330 435
256 392
184 44
313 99
635 234
227 721
214 154
599 176
176 306
612 274
99 34
308 132
78 19
318 127
713 596
630 315
310 605
459 738
689 803
66 414
190 552
652 488
229 48
411 90
4 8
217 656
164 356
489 170
379 359
508 338
120 13
62 45
388 243
21 409
67 114
238 234
38 66
6 410
16 14
378 467
607 638
21 432
25 29
414 731
100 52
510 778
246 240
17 15
238 673
28 671
54 267
321 654
2 15
142 173
191 175
342 294
135 188
90 55
444 29
447 68
174 543
33 17
53 71
56 18
805 185
455 289
128 93
311 7
394 684
359 229
222 801
751 243
17 19
28 91
182 401
370 554
164 235
107 163
276 532
619 597
212 40
61 35
284 219
792 646
465 661
74 8
347 544
224 788
244 145
633 245
685 431
46 537
299 364
66 142
49 11
240 353
83 518
154 10
439 427
76 88
46 4
1 2
1 450
43 32
559 206
426 328
701 457
84 172
42 37
491 807
10 281
700 39
551 641
375 646
343 316
71 96
138 141
320 596
46 639
82 165
408 44
123 782
266 371
116 682
27 137
149 150
328 234
177 167
248 66
75 449
599 616
258 575
653 341
393 159
264 33
156 105
482 557
42 321
208 370
265 35
286 245
813 233
48 195
295 547
44 33
120 174
790 429
828 254
659 608
151 705
256 416
81 617
148 52
18 663
152 253
447 488
36 118
231 30
199 106
572 380
60 27
1 9
636 479
454 629
224 240
626 353
249 190
86 197
238 295
83 102
386 7
21 4
304 459
595 71
268 89
4 72
170 6
444 499
434 394
694 746
55 186
674 46
219 760
123 98
825 712
618 808
3 4
541 27
42 162
51 50
821 254
481 447
364 592
748 371
89 587
395 418
357 336
41 419
497 393
513 727
181 542
19 568
77 22
243 28
233 87
752 674
18 276
36 291
19 115
62 387
92 54
510 199
567 378
461 723
722 668
742 8
39 82
18 254
395 375
152 99
73 64
791 69
816 141
334 28
417 461
609 559
342 829
58 41
232 273
28 22
317 474
40 679
315 289
797 342
523 84
715 254
648 454
477 430
57 42
589 275
33 45
192 114
180 522
122 77
345 229
74 504
8 210
483 585
63 70
553 740
515 1
138 26
483 366
579 49
30 261
464 313
165 549
176 22
82 117
569 278
683 163
516 580
578 507
747 723
187 30
307 84
181 598
806 796
7 14
794 281
196 40
97 92
75 41
114 125
695 178
420 17
